x = 9 + 10;
y = 4;